cam0:
  cam_overlaps: []
  camera_model: omni
  distortion_coeffs: [1.6958257655701570e-01, 1.2465821870062881e+00, -5.9667372792493335e-03,
    -8.1150655789680032e-03]
  distortion_model: radtan
  intrinsics: [2.2293707976953132e+00, 8.7379193841006588e+02, 8.6704381095159556e+02, 3.2230065125587504e+02,2.4134033871486767e+02]
  resolution: [640, 480]
  rostopic: /cam0/image_raw
