cam0:
  T_cam_imu:
  - [0.9999772428046393, 0.006464284953147527, 0.0019305162200633451, 0.016898028302609495]
  - [-0.006479348602240182, 0.9999477919904344, 0.007901350210293616, -0.0005936815187700364]
  - [-0.0018793388523801115, -0.007913678885295336, 0.9999669203388573, -0.04193646901262093]
  - [0.0, 0.0, 0.0, 1.0]
  cam_overlaps: []
  camera_model: omni
  distortion_coeffs: [0.1695825765570157, 1.246582187006288, -0.0059667372792493335,
    -0.008115065578968003]
  distortion_model: radtan
  intrinsics: [2.229370797695313, 873.7919384100659, 867.0438109515956, 322.30065125587504,
    241.34033871486767]
  resolution: [640, 480]
  rostopic: /cam0/image_raw
  timeshift_cam_imu: 4.3364743954426004e-05
