%YAML:1.0

model: pinhole
distortion_model: equidistance
width: 640
height: 480

K1: !!opencv-matrix
   rows: 3
   cols: 3
   dt: d
   data: [280.59513653259535, 0, 323.1385397086218,
           0, 279.22178560406337, 234.66238683322598,
           0, 0, 1]

D1: !!opencv-matrix
   rows: 1
   cols: 4
   dt: d
   data: [-0.008228094308485197, -0.003174233859681989, 0.016317903114715676,-0.007297265502652538]

K2: !!opencv-matrix
   rows: 3
   cols: 3
   dt: d
   data: [280.29364491046465, 0, 316.6442983894223,
           0, 278.88157099768097, 241.52600683369198,
           0, 0, 1]

D2: !!opencv-matrix
   rows: 1
   cols: 4
   dt: d
   data: [-0.011443235552171884, 0.00845488044366793, 0.002679452898291567,-0.0024715569384940123]

R: !!opencv-matrix
   rows: 3
   cols: 3
   dt: d
   data: [0.9997647085967574, -0.005055731795065236, -0.021094241405064388, 
          0.005476593703239721, 0.9997861453949735, 0.019941674896269107, 
          0.020988910544580474, -0.020052507381253373, 0.9995785924987961]

T: !!opencv-matrix
   rows: 3
   cols: 1
   dt: d
   data: [-0.07351598767070106, 0.0005291503766768696,  -4.6468337241035515e-05]
