%YAML:1.0

model: pinhole
distortion_model: radtan
width: 640
height: 480

K1: !!opencv-matrix
   rows: 3
   cols: 3
   dt: d
   data: [543.3842491612453, 0, 314.6691560896062,
          0, 544.2921261127659, 247.26840341525454,
          0, 0, 1]

D1: !!opencv-matrix
   rows: 1
   cols: 4
   dt: d
   data: [0.08250689448562169, -0.1357393928422835, 0.0012531883835860784, 0.0023951442112985677]

K2: !!opencv-matrix
   rows: 3
   cols: 3
   dt: d
   data: [541.3586168114679, 0, 327.3704383117864,
          0, 542.3068819736292, 208.34899439192657,
          0, 0, 1]

D2: !!opencv-matrix
   rows: 1
   cols: 4
   dt: d
   data: [0.08253042527833267, -0.14505826107635525, 0.0013541582378099996, 0.0011886703794275369]

R: !!opencv-matrix
   rows: 3
   cols: 3
   dt: d
   data: [0.9983127148054501, -0.01778974020505829, 0.055274303262968054, 
          0.01586161151391639, 0.9992569421459471, 0.03512794974533782, 
         -0.05585814835770716, -0.034191939350758045, 0.9978530846499801 ]

T: !!opencv-matrix
   rows: 3
   cols: 1
   dt: d
   data: [-0.040228362651934677, -0.0019961421822811414, 2.2252102610954692e-05]
